Index = 15; taking P^2xP^4; c=5 divisors; maximum degree 6

----  0 1 2 3 4
P^2 | 1 1 1 1 3 
P^4 | 1 1 1 1 . 

----  0 1 2 3 4
P^2 | 1 1 1 2 3 
P^4 | 1 1 1 1 . 

----  0 1 2 3 4
P^2 | 1 1 1 3 3 
P^4 | 1 1 1 . 1 

----  0 1 2 3 4
P^2 | 1 1 1 3 4 
P^4 | 1 1 1 . 1 

----  0 1 2 3 4
P^2 | 1 1 1 3 5 
P^4 | 1 1 1 . 1 

----  0 1 2 3 4
P^2 | 1 1 1 3 6 
P^4 | 1 1 1 . 1 

----  0 1 2 3 4
P^2 | 1 1 2 2 3 
P^4 | 1 1 1 1 . 

----  0 1 2 3 4
P^2 | 1 1 2 3 3 
P^4 | 1 1 1 . 1 

----  0 1 2 3 4
P^2 | 1 1 2 3 4 
P^4 | 1 1 1 . 1 

----  0 1 2 3 4
P^2 | 1 1 2 3 5 
P^4 | 1 1 1 . 1 

----  0 1 2 3 4
P^2 | 1 1 2 3 6 
P^4 | 1 1 1 . 1 

----  0 1 2 3 4
P^2 | 1 1 3 3 3 
P^4 | 1 1 . 1 1 

----  0 1 2 3 4
P^2 | 1 1 3 3 4 
P^4 | 1 1 . 1 1 

----  0 1 2 3 4
P^2 | 1 1 3 3 5 
P^4 | 1 1 . 1 1 

----  0 1 2 3 4
P^2 | 1 1 3 3 6 
P^4 | 1 1 . 1 1 

----  0 1 2 3 4
P^2 | 1 1 3 4 4 
P^4 | 1 1 . 1 1 

----  0 1 2 3 4
P^2 | 1 1 3 4 5 
P^4 | 1 1 . 1 1 

----  0 1 2 3 4
P^2 | 1 1 3 4 6 
P^4 | 1 1 . 1 1 

----  0 1 2 3 4
P^2 | 1 1 3 5 5 
P^4 | 1 1 . 1 1 

----  0 1 2 3 4
P^2 | 1 1 3 5 6 
P^4 | 1 1 . 1 1 

----  0 1 2 3 4
P^2 | 1 1 3 6 6 
P^4 | 1 1 . 1 1 

----  0 1 2 3 4
P^2 | 1 2 2 2 3 
P^4 | 1 1 1 1 . 

----  0 1 2 3 4
P^2 | 1 2 2 3 3 
P^4 | 1 1 1 . 1 

----  0 1 2 3 4
P^2 | 1 2 2 3 4 
P^4 | 1 1 1 . 1 

----  0 1 2 3 4
P^2 | 1 2 2 3 5 
P^4 | 1 1 1 . 1 

----  0 1 2 3 4
P^2 | 1 2 2 3 6 
P^4 | 1 1 1 . 1 

----  0 1 2 3 4
P^2 | 1 2 3 3 3 
P^4 | 1 1 . 1 1 

----  0 1 2 3 4
P^2 | 1 2 3 3 4 
P^4 | 1 1 . 1 1 

----  0 1 2 3 4
P^2 | 1 2 3 3 5 
P^4 | 1 1 . 1 1 

----  0 1 2 3 4
P^2 | 1 2 3 3 6 
P^4 | 1 1 . 1 1 

----  0 1 2 3 4
P^2 | 1 2 3 4 4 
P^4 | 1 1 . 1 1 

----  0 1 2 3 4
P^2 | 1 2 3 4 5 
P^4 | 1 1 . 1 1 

----  0 1 2 3 4
P^2 | 1 2 3 4 6 
P^4 | 1 1 . 1 1 

----  0 1 2 3 4
P^2 | 1 2 3 5 5 
P^4 | 1 1 . 1 1 

----  0 1 2 3 4
P^2 | 1 2 3 5 6 
P^4 | 1 1 . 1 1 

----  0 1 2 3 4
P^2 | 1 2 3 6 6 
P^4 | 1 1 . 1 1 

----  0 1 2 3 4
P^2 | 1 3 3 3 3 
P^4 | 1 . 1 1 1 

----  0 1 2 3 4
P^2 | 1 3 3 3 4 
P^4 | 1 . 1 1 1 

----  0 1 2 3 4
P^2 | 1 3 3 3 5 
P^4 | 1 . 1 1 1 

----  0 1 2 3 4
P^2 | 1 3 3 3 6 
P^4 | 1 . 1 1 1 

----  0 1 2 3 4
P^2 | 1 3 3 4 4 
P^4 | 1 . 1 1 1 

----  0 1 2 3 4
P^2 | 1 3 3 4 5 
P^4 | 1 . 1 1 1 

----  0 1 2 3 4
P^2 | 1 3 3 4 6 
P^4 | 1 . 1 1 1 

----  0 1 2 3 4
P^2 | 1 3 3 5 5 
P^4 | 1 . 1 1 1 

----  0 1 2 3 4
P^2 | 1 3 3 5 6 
P^4 | 1 . 1 1 1 

----  0 1 2 3 4
P^2 | 1 3 3 6 6 
P^4 | 1 . 1 1 1 

----  0 1 2 3 4
P^2 | 1 3 4 4 4 
P^4 | 1 . 1 1 1 

----  0 1 2 3 4
P^2 | 1 3 4 4 5 
P^4 | 1 . 1 1 1 

----  0 1 2 3 4
P^2 | 1 3 4 4 6 
P^4 | 1 . 1 1 1 

----  0 1 2 3 4
P^2 | 1 3 4 5 5 
P^4 | 1 . 1 1 1 

----  0 1 2 3 4
P^2 | 1 3 4 5 6 
P^4 | 1 . 1 1 1 

----  0 1 2 3 4
P^2 | 1 3 4 6 6 
P^4 | 1 . 1 1 1 

----  0 1 2 3 4
P^2 | 1 3 5 5 5 
P^4 | 1 . 1 1 1 

----  0 1 2 3 4
P^2 | 1 3 5 5 6 
P^4 | 1 . 1 1 1 

----  0 1 2 3 4
P^2 | 1 3 5 6 6 
P^4 | 1 . 1 1 1 

----  0 1 2 3 4
P^2 | 1 3 6 6 6 
P^4 | 1 . 1 1 1 

----  0 1 2 3 4
P^2 | 2 2 2 2 3 
P^4 | 1 1 1 1 . 

----  0 1 2 3 4
P^2 | 2 2 2 3 3 
P^4 | 1 1 1 . 1 

----  0 1 2 3 4
P^2 | 2 2 2 3 4 
P^4 | 1 1 1 . 1 

----  0 1 2 3 4
P^2 | 2 2 2 3 5 
P^4 | 1 1 1 . 1 

----  0 1 2 3 4
P^2 | 2 2 2 3 6 
P^4 | 1 1 1 . 1 

----  0 1 2 3 4
P^2 | 2 2 3 3 3 
P^4 | 1 1 . 1 1 

----  0 1 2 3 4
P^2 | 2 2 3 3 4 
P^4 | 1 1 . 1 1 

----  0 1 2 3 4
P^2 | 2 2 3 3 5 
P^4 | 1 1 . 1 1 

----  0 1 2 3 4
P^2 | 2 2 3 3 6 
P^4 | 1 1 . 1 1 

----  0 1 2 3 4
P^2 | 2 2 3 4 4 
P^4 | 1 1 . 1 1 

----  0 1 2 3 4
P^2 | 2 2 3 4 5 
P^4 | 1 1 . 1 1 

----  0 1 2 3 4
P^2 | 2 2 3 4 6 
P^4 | 1 1 . 1 1 

----  0 1 2 3 4
P^2 | 2 2 3 5 5 
P^4 | 1 1 . 1 1 

----  0 1 2 3 4
P^2 | 2 2 3 5 6 
P^4 | 1 1 . 1 1 

----  0 1 2 3 4
P^2 | 2 2 3 6 6 
P^4 | 1 1 . 1 1 

----  0 1 2 3 4
P^2 | 2 3 3 3 3 
P^4 | 1 . 1 1 1 

----  0 1 2 3 4
P^2 | 2 3 3 3 4 
P^4 | 1 . 1 1 1 

----  0 1 2 3 4
P^2 | 2 3 3 3 5 
P^4 | 1 . 1 1 1 

----  0 1 2 3 4
P^2 | 2 3 3 3 6 
P^4 | 1 . 1 1 1 

----  0 1 2 3 4
P^2 | 2 3 3 4 4 
P^4 | 1 . 1 1 1 

----  0 1 2 3 4
P^2 | 2 3 3 4 5 
P^4 | 1 . 1 1 1 

----  0 1 2 3 4
P^2 | 2 3 3 4 6 
P^4 | 1 . 1 1 1 

----  0 1 2 3 4
P^2 | 2 3 3 5 5 
P^4 | 1 . 1 1 1 

----  0 1 2 3 4
P^2 | 2 3 3 5 6 
P^4 | 1 . 1 1 1 

----  0 1 2 3 4
P^2 | 2 3 3 6 6 
P^4 | 1 . 1 1 1 

----  0 1 2 3 4
P^2 | 2 3 4 4 4 
P^4 | 1 . 1 1 1 

----  0 1 2 3 4
P^2 | 2 3 4 4 5 
P^4 | 1 . 1 1 1 

----  0 1 2 3 4
P^2 | 2 3 4 4 6 
P^4 | 1 . 1 1 1 

----  0 1 2 3 4
P^2 | 2 3 4 5 5 
P^4 | 1 . 1 1 1 

----  0 1 2 3 4
P^2 | 2 3 4 5 6 
P^4 | 1 . 1 1 1 

----  0 1 2 3 4
P^2 | 2 3 4 6 6 
P^4 | 1 . 1 1 1 

----  0 1 2 3 4
P^2 | 2 3 5 5 5 
P^4 | 1 . 1 1 1 

----  0 1 2 3 4
P^2 | 2 3 5 5 6 
P^4 | 1 . 1 1 1 

----  0 1 2 3 4
P^2 | 2 3 5 6 6 
P^4 | 1 . 1 1 1 

----  0 1 2 3 4
P^2 | 2 3 6 6 6 
P^4 | 1 . 1 1 1 

----  0 1 2 3 4
P^2 | 3 3 3 3 3 
P^4 | . 1 1 1 1 

----  0 1 2 3 4
P^2 | 3 3 3 3 4 
P^4 | . 1 1 1 1 

----  0 1 2 3 4
P^2 | 3 3 3 3 5 
P^4 | . 1 1 1 1 

----  0 1 2 3 4
P^2 | 3 3 3 3 6 
P^4 | . 1 1 1 1 

----  0 1 2 3 4
P^2 | 3 3 3 4 4 
P^4 | . 1 1 1 1 

----  0 1 2 3 4
P^2 | 3 3 3 4 5 
P^4 | . 1 1 1 1 

----  0 1 2 3 4
P^2 | 3 3 3 4 6 
P^4 | . 1 1 1 1 

----  0 1 2 3 4
P^2 | 3 3 3 5 5 
P^4 | . 1 1 1 1 

----  0 1 2 3 4
P^2 | 3 3 3 5 6 
P^4 | . 1 1 1 1 

----  0 1 2 3 4
P^2 | 3 3 3 6 6 
P^4 | . 1 1 1 1 

----  0 1 2 3 4
P^2 | 3 3 4 4 4 
P^4 | . 1 1 1 1 

----  0 1 2 3 4
P^2 | 3 3 4 4 5 
P^4 | . 1 1 1 1 

----  0 1 2 3 4
P^2 | 3 3 4 4 6 
P^4 | . 1 1 1 1 

----  0 1 2 3 4
P^2 | 3 3 4 5 5 
P^4 | . 1 1 1 1 

----  0 1 2 3 4
P^2 | 3 3 4 5 6 
P^4 | . 1 1 1 1 

----  0 1 2 3 4
P^2 | 3 3 4 6 6 
P^4 | . 1 1 1 1 

----  0 1 2 3 4
P^2 | 3 3 5 5 5 
P^4 | . 1 1 1 1 

----  0 1 2 3 4
P^2 | 3 3 5 5 6 
P^4 | . 1 1 1 1 

----  0 1 2 3 4
P^2 | 3 3 5 6 6 
P^4 | . 1 1 1 1 

----  0 1 2 3 4
P^2 | 3 3 6 6 6 
P^4 | . 1 1 1 1 

----  0 1 2 3 4
P^2 | 3 4 4 4 4 
P^4 | . 1 1 1 1 

----  0 1 2 3 4
P^2 | 3 4 4 4 5 
P^4 | . 1 1 1 1 

----  0 1 2 3 4
P^2 | 3 4 4 4 6 
P^4 | . 1 1 1 1 

----  0 1 2 3 4
P^2 | 3 4 4 5 5 
P^4 | . 1 1 1 1 

----  0 1 2 3 4
P^2 | 3 4 4 5 6 
P^4 | . 1 1 1 1 

----  0 1 2 3 4
P^2 | 3 4 4 6 6 
P^4 | . 1 1 1 1 

----  0 1 2 3 4
P^2 | 3 4 5 5 5 
P^4 | . 1 1 1 1 

----  0 1 2 3 4
P^2 | 3 4 5 5 6 
P^4 | . 1 1 1 1 

----  0 1 2 3 4
P^2 | 3 4 5 6 6 
P^4 | . 1 1 1 1 

----  0 1 2 3 4
P^2 | 3 4 6 6 6 
P^4 | . 1 1 1 1 

----  0 1 2 3 4
P^2 | 3 5 5 5 5 
P^4 | . 1 1 1 1 

----  0 1 2 3 4
P^2 | 3 5 5 5 6 
P^4 | . 1 1 1 1 

----  0 1 2 3 4
P^2 | 3 5 5 6 6 
P^4 | . 1 1 1 1 

----  0 1 2 3 4
P^2 | 3 5 6 6 6 
P^4 | . 1 1 1 1 

----  0 1 2 3 4
P^2 | 3 6 6 6 6 
P^4 | . 1 1 1 1 
