Index = 12; taking P^3xP^5; c=7 divisors; maximum degree 4

----  0 1 2 3 4 5 6
P^3 | 1 1 1 1 1 2 2 
P^5 | 1 1 1 1 1 . . 

----  0 1 2 3 4 5 6
P^3 | 1 1 1 1 2 2 2 
P^5 | 1 1 1 1 . . 1 

----  0 1 2 3 4 5 6
P^3 | 1 1 1 1 2 2 3 
P^5 | 1 1 1 1 . . 1 

----  0 1 2 3 4 5 6
P^3 | 1 1 1 1 2 2 4 
P^5 | 1 1 1 1 . . 1 

----  0 1 2 3 4 5 6
P^3 | 1 1 1 2 2 2 2 
P^5 | 1 1 1 . . 1 1 

----  0 1 2 3 4 5 6
P^3 | 1 1 1 2 2 2 3 
P^5 | 1 1 1 . . 1 1 

----  0 1 2 3 4 5 6
P^3 | 1 1 1 2 2 2 4 
P^5 | 1 1 1 . . 1 1 

----  0 1 2 3 4 5 6
P^3 | 1 1 1 2 2 3 3 
P^5 | 1 1 1 . . 1 1 

----  0 1 2 3 4 5 6
P^3 | 1 1 1 2 2 3 4 
P^5 | 1 1 1 . . 1 1 

----  0 1 2 3 4 5 6
P^3 | 1 1 1 2 2 4 4 
P^5 | 1 1 1 . . 1 1 

----  0 1 2 3 4 5 6
P^3 | 1 1 2 2 2 2 2 
P^5 | 1 1 . . 1 1 1 

----  0 1 2 3 4 5 6
P^3 | 1 1 2 2 2 2 3 
P^5 | 1 1 . . 1 1 1 

----  0 1 2 3 4 5 6
P^3 | 1 1 2 2 2 2 4 
P^5 | 1 1 . . 1 1 1 

----  0 1 2 3 4 5 6
P^3 | 1 1 2 2 2 3 3 
P^5 | 1 1 . . 1 1 1 

----  0 1 2 3 4 5 6
P^3 | 1 1 2 2 2 3 4 
P^5 | 1 1 . . 1 1 1 

----  0 1 2 3 4 5 6
P^3 | 1 1 2 2 2 4 4 
P^5 | 1 1 . . 1 1 1 

----  0 1 2 3 4 5 6
P^3 | 1 1 2 2 3 3 3 
P^5 | 1 1 . . 1 1 1 

----  0 1 2 3 4 5 6
P^3 | 1 1 2 2 3 3 4 
P^5 | 1 1 . . 1 1 1 

----  0 1 2 3 4 5 6
P^3 | 1 1 2 2 3 4 4 
P^5 | 1 1 . . 1 1 1 

----  0 1 2 3 4 5 6
P^3 | 1 1 2 2 4 4 4 
P^5 | 1 1 . . 1 1 1 

----  0 1 2 3 4 5 6
P^3 | 1 2 2 2 2 2 2 
P^5 | 1 . . 1 1 1 1 

----  0 1 2 3 4 5 6
P^3 | 1 2 2 2 2 2 3 
P^5 | 1 . . 1 1 1 1 

----  0 1 2 3 4 5 6
P^3 | 1 2 2 2 2 2 4 
P^5 | 1 . . 1 1 1 1 

----  0 1 2 3 4 5 6
P^3 | 1 2 2 2 2 3 3 
P^5 | 1 . . 1 1 1 1 

----  0 1 2 3 4 5 6
P^3 | 1 2 2 2 2 3 4 
P^5 | 1 . . 1 1 1 1 

----  0 1 2 3 4 5 6
P^3 | 1 2 2 2 2 4 4 
P^5 | 1 . . 1 1 1 1 

----  0 1 2 3 4 5 6
P^3 | 1 2 2 2 3 3 3 
P^5 | 1 . . 1 1 1 1 

----  0 1 2 3 4 5 6
P^3 | 1 2 2 2 3 3 4 
P^5 | 1 . . 1 1 1 1 

----  0 1 2 3 4 5 6
P^3 | 1 2 2 2 3 4 4 
P^5 | 1 . . 1 1 1 1 

----  0 1 2 3 4 5 6
P^3 | 1 2 2 2 4 4 4 
P^5 | 1 . . 1 1 1 1 

----  0 1 2 3 4 5 6
P^3 | 1 2 2 3 3 3 3 
P^5 | 1 . . 1 1 1 1 

----  0 1 2 3 4 5 6
P^3 | 1 2 2 3 3 3 4 
P^5 | 1 . . 1 1 1 1 

----  0 1 2 3 4 5 6
P^3 | 1 2 2 3 3 4 4 
P^5 | 1 . . 1 1 1 1 

----  0 1 2 3 4 5 6
P^3 | 1 2 2 3 4 4 4 
P^5 | 1 . . 1 1 1 1 

----  0 1 2 3 4 5 6
P^3 | 1 2 2 4 4 4 4 
P^5 | 1 . . 1 1 1 1 

----  0 1 2 3 4 5 6
P^3 | 2 2 2 2 2 2 2 
P^5 | . . 1 1 1 1 1 

----  0 1 2 3 4 5 6
P^3 | 2 2 2 2 2 2 3 
P^5 | . . 1 1 1 1 1 

----  0 1 2 3 4 5 6
P^3 | 2 2 2 2 2 2 4 
P^5 | . . 1 1 1 1 1 

----  0 1 2 3 4 5 6
P^3 | 2 2 2 2 2 3 3 
P^5 | . . 1 1 1 1 1 

----  0 1 2 3 4 5 6
P^3 | 2 2 2 2 2 3 4 
P^5 | . . 1 1 1 1 1 

----  0 1 2 3 4 5 6
P^3 | 2 2 2 2 2 4 4 
P^5 | . . 1 1 1 1 1 

----  0 1 2 3 4 5 6
P^3 | 2 2 2 2 3 3 3 
P^5 | . . 1 1 1 1 1 

----  0 1 2 3 4 5 6
P^3 | 2 2 2 2 3 3 4 
P^5 | . . 1 1 1 1 1 

----  0 1 2 3 4 5 6
P^3 | 2 2 2 2 3 4 4 
P^5 | . . 1 1 1 1 1 

----  0 1 2 3 4 5 6
P^3 | 2 2 2 2 4 4 4 
P^5 | . . 1 1 1 1 1 

----  0 1 2 3 4 5 6
P^3 | 2 2 2 3 3 3 3 
P^5 | . . 1 1 1 1 1 

----  0 1 2 3 4 5 6
P^3 | 2 2 2 3 3 3 4 
P^5 | . . 1 1 1 1 1 

----  0 1 2 3 4 5 6
P^3 | 2 2 2 3 3 4 4 
P^5 | . . 1 1 1 1 1 

----  0 1 2 3 4 5 6
P^3 | 2 2 2 3 4 4 4 
P^5 | . . 1 1 1 1 1 

----  0 1 2 3 4 5 6
P^3 | 2 2 2 4 4 4 4 
P^5 | . . 1 1 1 1 1 

----  0 1 2 3 4 5 6
P^3 | 2 2 3 3 3 3 3 
P^5 | . . 1 1 1 1 1 

----  0 1 2 3 4 5 6
P^3 | 2 2 3 3 3 3 4 
P^5 | . . 1 1 1 1 1 

----  0 1 2 3 4 5 6
P^3 | 2 2 3 3 3 4 4 
P^5 | . . 1 1 1 1 1 

----  0 1 2 3 4 5 6
P^3 | 2 2 3 3 4 4 4 
P^5 | . . 1 1 1 1 1 

----  0 1 2 3 4 5 6
P^3 | 2 2 3 4 4 4 4 
P^5 | . . 1 1 1 1 1 

----  0 1 2 3 4 5 6
P^3 | 2 2 4 4 4 4 4 
P^5 | . . 1 1 1 1 1 
