Index = 4; taking P^3xP^3; c=5 divisors; maximum degree 4

----  0 1 2 3 4
P^3 | . . 1 1 1 
P^3 | 2 2 1 1 1 

----  0 1 2 3 4
P^3 | . . 1 1 1 
P^3 | 2 2 1 1 2 

----  0 1 2 3 4
P^3 | . . 1 1 1 
P^3 | 2 2 1 1 3 

----  0 1 2 3 4
P^3 | . . 1 1 1 
P^3 | 2 2 1 1 4 

----  0 1 2 3 4
P^3 | . . 1 1 1 
P^3 | 2 2 1 2 2 

----  0 1 2 3 4
P^3 | . . 1 1 1 
P^3 | 2 2 1 2 3 

----  0 1 2 3 4
P^3 | . . 1 1 1 
P^3 | 2 2 1 2 4 

----  0 1 2 3 4
P^3 | . . 1 1 1 
P^3 | 2 2 1 3 3 

----  0 1 2 3 4
P^3 | . . 1 1 1 
P^3 | 2 2 1 3 4 

----  0 1 2 3 4
P^3 | . . 1 1 1 
P^3 | 2 2 1 4 4 

----  0 1 2 3 4
P^3 | . . 1 1 1 
P^3 | 2 2 2 2 2 

----  0 1 2 3 4
P^3 | . . 1 1 1 
P^3 | 2 2 2 2 3 

----  0 1 2 3 4
P^3 | . . 1 1 1 
P^3 | 2 2 2 2 4 

----  0 1 2 3 4
P^3 | . . 1 1 1 
P^3 | 2 2 2 3 3 

----  0 1 2 3 4
P^3 | . . 1 1 1 
P^3 | 2 2 2 3 4 

----  0 1 2 3 4
P^3 | . . 1 1 1 
P^3 | 2 2 2 4 4 

----  0 1 2 3 4
P^3 | . . 1 1 1 
P^3 | 2 2 3 3 3 

----  0 1 2 3 4
P^3 | . . 1 1 1 
P^3 | 2 2 3 3 4 

----  0 1 2 3 4
P^3 | . . 1 1 1 
P^3 | 2 2 3 4 4 

----  0 1 2 3 4
P^3 | . . 1 1 1 
P^3 | 2 2 4 4 4 
