Index = 20; taking P^3xP^4; c=6 divisors; maximum degree 5

----  0 1 2 3 4 5
P^3 | 1 1 1 1 2 2 
P^4 | 1 1 1 1 . . 

----  0 1 2 3 4 5
P^3 | 1 1 1 2 2 2 
P^4 | 1 1 1 . . 1 

----  0 1 2 3 4 5
P^3 | 1 1 1 2 2 3 
P^4 | 1 1 1 . . 1 

----  0 1 2 3 4 5
P^3 | 1 1 1 2 2 4 
P^4 | 1 1 1 . . 1 

----  0 1 2 3 4 5
P^3 | 1 1 1 2 2 5 
P^4 | 1 1 1 . . 1 

----  0 1 2 3 4 5
P^3 | 1 1 2 2 2 2 
P^4 | 1 1 . . 1 1 

----  0 1 2 3 4 5
P^3 | 1 1 2 2 2 3 
P^4 | 1 1 . . 1 1 

----  0 1 2 3 4 5
P^3 | 1 1 2 2 2 4 
P^4 | 1 1 . . 1 1 

----  0 1 2 3 4 5
P^3 | 1 1 2 2 2 5 
P^4 | 1 1 . . 1 1 

----  0 1 2 3 4 5
P^3 | 1 1 2 2 3 3 
P^4 | 1 1 . . 1 1 

----  0 1 2 3 4 5
P^3 | 1 1 2 2 3 4 
P^4 | 1 1 . . 1 1 

----  0 1 2 3 4 5
P^3 | 1 1 2 2 3 5 
P^4 | 1 1 . . 1 1 

----  0 1 2 3 4 5
P^3 | 1 1 2 2 4 4 
P^4 | 1 1 . . 1 1 

----  0 1 2 3 4 5
P^3 | 1 1 2 2 4 5 
P^4 | 1 1 . . 1 1 

----  0 1 2 3 4 5
P^3 | 1 1 2 2 5 5 
P^4 | 1 1 . . 1 1 

----  0 1 2 3 4 5
P^3 | 1 2 2 2 2 2 
P^4 | 1 . . 1 1 1 

----  0 1 2 3 4 5
P^3 | 1 2 2 2 2 3 
P^4 | 1 . . 1 1 1 

----  0 1 2 3 4 5
P^3 | 1 2 2 2 2 4 
P^4 | 1 . . 1 1 1 

----  0 1 2 3 4 5
P^3 | 1 2 2 2 2 5 
P^4 | 1 . . 1 1 1 

----  0 1 2 3 4 5
P^3 | 1 2 2 2 3 3 
P^4 | 1 . . 1 1 1 

----  0 1 2 3 4 5
P^3 | 1 2 2 2 3 4 
P^4 | 1 . . 1 1 1 

----  0 1 2 3 4 5
P^3 | 1 2 2 2 3 5 
P^4 | 1 . . 1 1 1 

----  0 1 2 3 4 5
P^3 | 1 2 2 2 4 4 
P^4 | 1 . . 1 1 1 

----  0 1 2 3 4 5
P^3 | 1 2 2 2 4 5 
P^4 | 1 . . 1 1 1 

----  0 1 2 3 4 5
P^3 | 1 2 2 2 5 5 
P^4 | 1 . . 1 1 1 

----  0 1 2 3 4 5
P^3 | 1 2 2 3 3 3 
P^4 | 1 . . 1 1 1 

----  0 1 2 3 4 5
P^3 | 1 2 2 3 3 4 
P^4 | 1 . . 1 1 1 

----  0 1 2 3 4 5
P^3 | 1 2 2 3 3 5 
P^4 | 1 . . 1 1 1 

----  0 1 2 3 4 5
P^3 | 1 2 2 3 4 4 
P^4 | 1 . . 1 1 1 

----  0 1 2 3 4 5
P^3 | 1 2 2 3 4 5 
P^4 | 1 . . 1 1 1 

----  0 1 2 3 4 5
P^3 | 1 2 2 3 5 5 
P^4 | 1 . . 1 1 1 

----  0 1 2 3 4 5
P^3 | 1 2 2 4 4 4 
P^4 | 1 . . 1 1 1 

----  0 1 2 3 4 5
P^3 | 1 2 2 4 4 5 
P^4 | 1 . . 1 1 1 

----  0 1 2 3 4 5
P^3 | 1 2 2 4 5 5 
P^4 | 1 . . 1 1 1 

----  0 1 2 3 4 5
P^3 | 1 2 2 5 5 5 
P^4 | 1 . . 1 1 1 

----  0 1 2 3 4 5
P^3 | 2 2 2 2 2 2 
P^4 | . . 1 1 1 1 

----  0 1 2 3 4 5
P^3 | 2 2 2 2 2 3 
P^4 | . . 1 1 1 1 

----  0 1 2 3 4 5
P^3 | 2 2 2 2 2 4 
P^4 | . . 1 1 1 1 

----  0 1 2 3 4 5
P^3 | 2 2 2 2 2 5 
P^4 | . . 1 1 1 1 

----  0 1 2 3 4 5
P^3 | 2 2 2 2 3 3 
P^4 | . . 1 1 1 1 

----  0 1 2 3 4 5
P^3 | 2 2 2 2 3 4 
P^4 | . . 1 1 1 1 

----  0 1 2 3 4 5
P^3 | 2 2 2 2 3 5 
P^4 | . . 1 1 1 1 

----  0 1 2 3 4 5
P^3 | 2 2 2 2 4 4 
P^4 | . . 1 1 1 1 

----  0 1 2 3 4 5
P^3 | 2 2 2 2 4 5 
P^4 | . . 1 1 1 1 

----  0 1 2 3 4 5
P^3 | 2 2 2 2 5 5 
P^4 | . . 1 1 1 1 

----  0 1 2 3 4 5
P^3 | 2 2 2 3 3 3 
P^4 | . . 1 1 1 1 

----  0 1 2 3 4 5
P^3 | 2 2 2 3 3 4 
P^4 | . . 1 1 1 1 

----  0 1 2 3 4 5
P^3 | 2 2 2 3 3 5 
P^4 | . . 1 1 1 1 

----  0 1 2 3 4 5
P^3 | 2 2 2 3 4 4 
P^4 | . . 1 1 1 1 

----  0 1 2 3 4 5
P^3 | 2 2 2 3 4 5 
P^4 | . . 1 1 1 1 

----  0 1 2 3 4 5
P^3 | 2 2 2 3 5 5 
P^4 | . . 1 1 1 1 

----  0 1 2 3 4 5
P^3 | 2 2 2 4 4 4 
P^4 | . . 1 1 1 1 

----  0 1 2 3 4 5
P^3 | 2 2 2 4 4 5 
P^4 | . . 1 1 1 1 

----  0 1 2 3 4 5
P^3 | 2 2 2 4 5 5 
P^4 | . . 1 1 1 1 

----  0 1 2 3 4 5
P^3 | 2 2 2 5 5 5 
P^4 | . . 1 1 1 1 

----  0 1 2 3 4 5
P^3 | 2 2 3 3 3 3 
P^4 | . . 1 1 1 1 

----  0 1 2 3 4 5
P^3 | 2 2 3 3 3 4 
P^4 | . . 1 1 1 1 

----  0 1 2 3 4 5
P^3 | 2 2 3 3 3 5 
P^4 | . . 1 1 1 1 

----  0 1 2 3 4 5
P^3 | 2 2 3 3 4 4 
P^4 | . . 1 1 1 1 

----  0 1 2 3 4 5
P^3 | 2 2 3 3 4 5 
P^4 | . . 1 1 1 1 

----  0 1 2 3 4 5
P^3 | 2 2 3 3 5 5 
P^4 | . . 1 1 1 1 

----  0 1 2 3 4 5
P^3 | 2 2 3 4 4 4 
P^4 | . . 1 1 1 1 

----  0 1 2 3 4 5
P^3 | 2 2 3 4 4 5 
P^4 | . . 1 1 1 1 

----  0 1 2 3 4 5
P^3 | 2 2 3 4 5 5 
P^4 | . . 1 1 1 1 

----  0 1 2 3 4 5
P^3 | 2 2 3 5 5 5 
P^4 | . . 1 1 1 1 

----  0 1 2 3 4 5
P^3 | 2 2 4 4 4 4 
P^4 | . . 1 1 1 1 

----  0 1 2 3 4 5
P^3 | 2 2 4 4 4 5 
P^4 | . . 1 1 1 1 

----  0 1 2 3 4 5
P^3 | 2 2 4 4 5 5 
P^4 | . . 1 1 1 1 

----  0 1 2 3 4 5
P^3 | 2 2 4 5 5 5 
P^4 | . . 1 1 1 1 

----  0 1 2 3 4 5
P^3 | 2 2 5 5 5 5 
P^4 | . . 1 1 1 1 
