Index = 28; taking P^3xP^6; c=8 divisors; maximum degree 3

----  0 1 2 3 4 5 6 7
P^3 | 1 1 1 1 1 1 2 2 
P^6 | 1 1 1 1 1 1 . . 

----  0 1 2 3 4 5 6 7
P^3 | 1 1 1 1 1 2 2 2 
P^6 | 1 1 1 1 1 . . 1 

----  0 1 2 3 4 5 6 7
P^3 | 1 1 1 1 1 2 2 3 
P^6 | 1 1 1 1 1 . . 1 

----  0 1 2 3 4 5 6 7
P^3 | 1 1 1 1 2 2 2 2 
P^6 | 1 1 1 1 . . 1 1 

----  0 1 2 3 4 5 6 7
P^3 | 1 1 1 1 2 2 2 3 
P^6 | 1 1 1 1 . . 1 1 

----  0 1 2 3 4 5 6 7
P^3 | 1 1 1 1 2 2 3 3 
P^6 | 1 1 1 1 . . 1 1 

----  0 1 2 3 4 5 6 7
P^3 | 1 1 1 2 2 2 2 2 
P^6 | 1 1 1 . . 1 1 1 

----  0 1 2 3 4 5 6 7
P^3 | 1 1 1 2 2 2 2 3 
P^6 | 1 1 1 . . 1 1 1 

----  0 1 2 3 4 5 6 7
P^3 | 1 1 1 2 2 2 3 3 
P^6 | 1 1 1 . . 1 1 1 

----  0 1 2 3 4 5 6 7
P^3 | 1 1 1 2 2 3 3 3 
P^6 | 1 1 1 . . 1 1 1 

----  0 1 2 3 4 5 6 7
P^3 | 1 1 2 2 2 2 2 2 
P^6 | 1 1 . . 1 1 1 1 

----  0 1 2 3 4 5 6 7
P^3 | 1 1 2 2 2 2 2 3 
P^6 | 1 1 . . 1 1 1 1 

----  0 1 2 3 4 5 6 7
P^3 | 1 1 2 2 2 2 3 3 
P^6 | 1 1 . . 1 1 1 1 

----  0 1 2 3 4 5 6 7
P^3 | 1 1 2 2 2 3 3 3 
P^6 | 1 1 . . 1 1 1 1 

----  0 1 2 3 4 5 6 7
P^3 | 1 1 2 2 3 3 3 3 
P^6 | 1 1 . . 1 1 1 1 

----  0 1 2 3 4 5 6 7
P^3 | 1 2 2 2 2 2 2 2 
P^6 | 1 . . 1 1 1 1 1 

----  0 1 2 3 4 5 6 7
P^3 | 1 2 2 2 2 2 2 3 
P^6 | 1 . . 1 1 1 1 1 

----  0 1 2 3 4 5 6 7
P^3 | 1 2 2 2 2 2 3 3 
P^6 | 1 . . 1 1 1 1 1 

----  0 1 2 3 4 5 6 7
P^3 | 1 2 2 2 2 3 3 3 
P^6 | 1 . . 1 1 1 1 1 

----  0 1 2 3 4 5 6 7
P^3 | 1 2 2 2 3 3 3 3 
P^6 | 1 . . 1 1 1 1 1 

----  0 1 2 3 4 5 6 7
P^3 | 1 2 2 3 3 3 3 3 
P^6 | 1 . . 1 1 1 1 1 

----  0 1 2 3 4 5 6 7
P^3 | 2 2 2 2 2 2 2 2 
P^6 | . . 1 1 1 1 1 1 

----  0 1 2 3 4 5 6 7
P^3 | 2 2 2 2 2 2 2 3 
P^6 | . . 1 1 1 1 1 1 

----  0 1 2 3 4 5 6 7
P^3 | 2 2 2 2 2 2 3 3 
P^6 | . . 1 1 1 1 1 1 

----  0 1 2 3 4 5 6 7
P^3 | 2 2 2 2 2 3 3 3 
P^6 | . . 1 1 1 1 1 1 

----  0 1 2 3 4 5 6 7
P^3 | 2 2 2 2 3 3 3 3 
P^6 | . . 1 1 1 1 1 1 

----  0 1 2 3 4 5 6 7
P^3 | 2 2 2 3 3 3 3 3 
P^6 | . . 1 1 1 1 1 1 

----  0 1 2 3 4 5 6 7
P^3 | 2 2 3 3 3 3 3 3 
P^6 | . . 1 1 1 1 1 1 
